1. [1,3,5,6,7,10,11,12]
2. [1,3,5,6,7,10,12]
3. [6,7,10,11,12,6]
4. [7,10,11,12,6,13]
5. [1,3,5,6,7,8]
6. [1,3,5,6,7,9]
7. [7,10,11,12,6,7]
8. [8,6,7,10,11,12]
9. [9,6,7,10,11,12]
10. [12,6,7,10,11,12]
11. [11,12,6,7,10,11]
12. [10,11,12,6,7,8]
13. [10,11,12,6,7,9]
14. [10,11,12,6,7,10]
15. [6,7,10,12,6]
16. [7,10,12,6,13]
17. [7,10,12,6,7]
18. [1,3,5,6,13]
19. [8,6,7,10,12]
20. [9,6,7,10,12]
21. [12,6,7,10,12]
22. [10,12,6,7,9]
23. [10,12,6,7,8]
24. [10,12,6,7,10]
25. [7,8,6,13]
26. [7,8,6,7]
27. [7,9,6,7]
28. [7,9,6,13]
29. [6,7,9,6]
30. [6,7,8,6]
31. [9,6,7,9]
32. [9,6,7,8]
33. [8,6,7,9]
34. [8,6,7,8]
35. [1,3,4]
36. [1,2]